// ESCENARIOS NIVEL 1:
// MAPA PARA EL MENU:

#include <iostream>
#include <conio.h>

using namespace std;

#define ANCHO_PANTALLA 100
#define ALTO_PANTALLA 30
using namespace System;

int MAPAINICIAL[25][100] =
{ {0,0,0,0,0,0,0,0,0,0,0,0,0,0,0,0,0,0,0,0,0,0,0,0,0,0,0,0,0,0,0,0,0,0,0,0,0,0,0,0,0,0,0,0,0,0,0,0,0,0,0,0,0,0,0,0,0,0,0,0,0,0,0,0,0,0,0,0,0,0,0,0,0,0,0,0,0,0,0,0,0,0,0,0,0,0,0,0,0,0,0,0,0,0,0,0,0,0,0,0},
{0,0,0,6,6,6,6,6,6,6,6,6,6,0,0,0,0,0,0,0,0,0,0,6,6,6,6,6,0,0,0,0,0,0,0,0,0,0,0,0,0,0,0,0,0,0,0,0,0,0,0,0,0,0,0,0,0,0,0,0,0,0,0,0,0,0,0,0,0,0,0,0,0,0,0,0,0,0,6,6,6,6,6,6,0,0,0,0,0,0,0,0,0,0,6,6,6,0,0,0},
{0,0,0,6,2,2,2,2,2,2,2,2,2,6,0,0,0,0,0,0,0,0,6,2,2,6,2,6,6,0,0,0,0,0,1,1,0,0,0,0,0,1,1,0,0,1,1,1,1,1,0,0,1,0,0,0,1,0,1,1,0,0,7,1,1,0,0,0,0,0,0,0,0,0,0,0,0,6,2,2,2,2,2,6,6,0,0,0,0,0,0,0,0,6,2,2,2,6,0,0},
{0,0,6,2,2,2,2,2,2,2,2,2,2,2,6,0,0,0,0,0,0,6,2,2,6,2,2,2,2,6,0,0,0,0,1,1,1,0,0,0,1,1,1,0,0,1,1,7,0,0,0,0,1,1,0,0,1,0,1,1,0,0,7,1,1,0,0,0,0,0,0,0,0,0,0,0,6,2,2,2,2,2,2,2,2,6,0,0,0,0,0,0,6,2,2,2,2,2,6,0},
{0,0,6,2,2,2,2,2,2,2,2,2,2,2,2,6,0,0,0,0,0,6,2,6,2,2,2,2,6,0,0,0,0,0,1,1,7,1,0,1,0,1,1,0,0,1,1,7,0,0,0,0,1,7,1,0,1,0,1,1,0,0,7,1,1,0,0,0,0,0,0,0,0,0,0,0,6,2,2,2,2,2,2,2,2,6,0,0,0,0,0,6,2,2,2,2,2,2,6,0},
{0,0,0,6,6,6,6,6,6,6,6,6,6,6,6,0,0,0,0,0,0,0,6,2,2,2,2,6,0,0,0,0,0,0,1,1,7,0,1,0,0,1,1,0,0,1,1,1,1,1,0,0,1,7,0,1,1,0,1,1,0,0,7,1,1,0,0,0,0,0,0,0,0,0,0,0,0,6,6,6,6,6,6,6,6,0,0,0,0,0,6,6,6,6,6,6,6,6,6,0},
{0,0,0,0,0,0,0,0,0,0,0,0,0,0,0,0,0,0,0,0,0,0,0,6,6,6,6,0,0,0,0,0,0,0,1,1,7,0,0,0,7,1,1,0,0,1,1,7,0,0,0,0,1,7,0,0,1,0,1,1,0,0,7,1,1,0,0,0,0,0,0,0,0,0,0,0,0,0,0,0,0,0,0,0,0,0,0,0,0,0,0,0,0,0,0,0,0,0,0,0},
{0,0,0,0,0,0,0,0,0,0,0,0,0,0,0,0,0,0,0,0,0,0,0,0,0,0,0,0,0,0,0,0,0,0,1,1,7,0,0,0,7,1,1,0,0,1,1,7,0,0,0,0,1,7,0,0,1,0,1,1,7,7,7,1,1,0,0,0,0,0,0,0,0,0,0,0,0,0,0,0,0,0,0,0,0,0,0,0,0,0,0,0,0,0,0,0,0,0,0,0},
{0,0,0,0,0,0,0,0,0,0,0,0,0,0,0,0,0,0,0,0,0,0,0,0,0,0,0,0,0,0,0,0,0,0,1,1,7,0,0,0,7,1,1,0,0,1,1,1,1,1,0,0,1,7,0,0,1,0,1,1,1,1,1,1,1,0,0,0,0,0,0,0,0,0,0,0,0,0,0,0,0,0,0,0,0,0,0,0,0,0,0,0,0,0,0,0,0,0,0,0},
{0,0,0,0,0,0,0,0,0,0,0,0,0,0,0,0,0,0,0,0,0,0,0,0,0,0,0,0,0,0,0,0,0,0,0,0,0,0,0,0,0,0,0,0,0,0,0,0,0,0,0,0,0,0,0,0,0,0,0,0,0,0,0,0,0,0,0,0,0,0,0,0,0,0,0,0,0,0,0,0,0,0,0,0,0,0,0,0,0,0,0,0,0,0,0,0,0,0,0,0},
{0,0,0,0,0,0,0,0,0,0,0,0,0,0,0,0,0,0,0,0,0,0,0,0,0,0,0,0,0,0,0,0,0,0,0,0,0,0,0,0,0,0,0,0,0,0,0,0,0,0,0,0,0,0,0,0,0,0,0,0,0,0,0,0,0,0,0,0,0,0,0,0,0,0,0,0,0,0,0,0,0,0,0,0,0,0,0,0,0,0,0,0,0,0,0,0,0,0,0,0},
{0,0,0,0,0,0,0,0,0,0,0,0,0,0,0,0,0,0,0,0,0,0,0,0,0,0,0,0,0,0,0,0,0,0,0,0,0,0,0,0,0,0,0,0,0,0,0,0,0,0,0,0,0,0,0,0,0,0,0,0,0,0,0,0,0,0,0,0,0,0,0,0,0,0,0,0,0,0,0,0,0,0,0,0,0,0,0,0,0,0,0,0,0,0,0,0,0,0,0,0},
{0,0,3,0,0,0,0,0,0,0,0,0,0,0,0,3,0,0,0,0,0,0,0,0,0,0,0,0,0,0,0,0,0,0,0,0,0,0,0,0,0,0,0,0,0,0,0,0,0,0,0,0,0,0,0,0,0,0,0,0,0,0,0,0,0,0,0,0,0,0,0,0,0,0,0,0,0,0,0,0,0,0,0,0,0,0,0,0,0,0,0,0,0,0,0,0,0,0,0,0},
{0,3,3,3,3,3,3,0,0,0,0,0,0,3,3,3,3,3,0,0,0,0,0,0,3,0,0,0,0,0,0,3,0,0,0,0,0,0,0,3,0,0,0,0,0,0,0,0,0,0,0,0,0,0,0,0,0,0,0,0,0,3,0,0,0,0,0,0,0,3,3,0,0,0,0,0,0,0,3,0,0,0,0,0,0,0,3,0,0,0,0,0,0,3,0,0,0,0,0,0},
{3,5,3,3,3,3,5,0,0,0,0,0,5,3,3,3,3,3,0,0,0,3,3,3,3,3,3,0,0,3,3,3,3,0,0,0,0,3,3,3,3,0,0,0,0,0,0,0,0,0,0,0,0,0,0,0,0,0,0,0,3,3,3,0,0,0,0,0,3,3,3,0,0,0,0,0,0,3,3,3,0,0,0,0,0,3,3,0,0,0,0,0,3,3,3,0,0,0,0,0},
{0,3,5,3,3,3,5,0,0,0,0,0,5,3,3,3,3,5,0,0,0,5,3,3,3,3,5,0,5,3,3,3,3,5,0,0,5,3,3,3,3,0,0,0,0,0,0,0,0,0,0,0,0,0,0,0,0,0,0,3,3,3,3,5,0,0,0,5,3,3,3,5,0,0,0,0,3,3,3,3,5,0,0,5,3,3,3,3,5,0,0,5,3,3,3,3,5,0,0,0},
{0,0,5,3,3,5,0,0,0,0,0,0,0,5,3,3,5,0,0,0,0,0,5,3,3,5,0,0,0,5,3,3,3,5,0,0,5,5,3,3,3,0,0,0,0,0,0,0,0,0,0,0,0,0,0,0,0,0,0,5,3,3,3,5,0,0,0,5,3,3,3,5,0,0,0,5,3,3,3,5,0,0,0,0,3,3,3,5,0,0,0,5,3,3,3,5,0,0,0,0},
{0,0,0,5,0,0,0,0,0,0,0,0,0,0,5,5,0,0,0,0,0,0,5,3,5,0,0,0,0,0,5,3,5,0,0,0,0,5,5,3,5,0,0,0,0,0,0,0,0,0,0,0,0,0,0,0,0,0,0,0,5,5,5,0,0,0,0,0,5,5,5,0,0,0,0,0,5,3,5,0,0,0,0,0,5,3,5,0,0,0,0,0,5,3,5,0,0,0,0,0},
{0,3,0,5,0,3,0,0,0,3,0,0,0,3,0,5,0,3,0,0,0,3,0,5,0,3,0,0,0,3,0,5,0,3,0,0,0,3,0,5,5,0,0,0,0,0,0,0,0,0,0,0,0,0,0,0,0,0,0,3,0,5,0,3,0,0,0,3,0,5,0,3,0,0,0,3,0,5,0,3,0,0,0,3,0,5,0,3,0,0,0,3,0,5,0,0,3,0,0,0},
{0,3,0,5,0,3,0,0,0,3,0,0,0,3,0,5,0,3,0,0,0,3,0,5,0,3,0,0,0,3,0,5,0,3,0,0,0,3,0,5,0,0,0,0,0,0,0,0,0,0,0,0,0,0,0,0,0,0,0,3,0,5,0,3,0,0,0,3,0,5,0,3,0,0,0,3,0,5,0,3,0,0,0,3,0,5,0,3,0,0,0,3,0,5,0,0,3,0,0,0},
{3,3,3,5,3,3,3,0,3,3,3,0,3,3,3,5,3,3,3,0,3,3,3,5,3,3,3,0,3,3,3,5,3,3,3,0,3,3,3,5,0,0,0,0,0,0,0,0,0,0,0,0,0,0,0,0,0,0,3,3,3,5,3,3,3,0,3,3,3,5,3,3,3,0,3,3,3,5,3,3,3,0,3,3,3,5,3,3,3,0,3,3,3,5,0,3,3,3,0,0},
{3,3,3,5,3,3,3,0,3,3,3,0,3,3,3,5,3,3,3,0,3,3,3,5,3,3,3,0,3,3,3,5,3,3,3,0,3,3,3,5,0,0,0,0,0,0,0,0,0,0,0,0,0,0,0,0,0,0,3,3,3,5,3,3,3,0,3,3,3,5,3,3,3,0,3,3,3,5,3,3,3,0,3,3,3,5,3,3,3,0,3,3,3,5,0,3,3,3,0,0},
{4,6,4,4,4,6,4,4,4,6,4,4,4,6,4,4,4,6,4,4,4,6,4,4,4,6,4,4,4,6,4,4,4,6,4,4,4,6,4,4,6,4,4,4,4,4,4,4,4,4,4,4,4,4,4,4,6,4,4,6,4,4,4,6,4,4,4,6,4,4,4,6,4,4,4,6,4,4,4,6,4,4,4,6,4,4,4,6,4,4,4,6,4,4,4,6,6,4,4,4},
{4,6,4,4,4,6,4,4,4,6,4,4,4,6,4,4,4,6,4,4,4,6,4,4,4,6,4,4,4,6,4,4,4,6,4,4,4,6,4,4,6,4,4,4,4,4,4,4,4,4,4,4,4,4,4,4,6,4,4,6,4,4,4,6,4,4,4,6,4,4,4,6,4,4,4,6,4,4,4,6,4,4,4,6,4,4,4,6,4,4,4,6,4,4,4,6,6,4,4,4},
{4,6,4,4,4,6,4,4,4,6,4,4,4,6,4,4,4,6,4,4,4,6,4,4,4,6,4,4,4,6,4,4,4,6,4,4,4,6,4,4,6,4,4,4,4,4,4,4,4,4,4,4,4,4,4,4,6,4,4,6,4,4,4,6,4,4,4,6,4,4,4,6,4,4,4,6,4,4,4,6,4,4,4,6,4,4,4,6,4,4,4,6,4,4,4,6,6,4,4,4}
};







void DibujarMapaINICIAL()
{
    for (int i = 0; i < ALTO_PANTALLA; i++)
    {
        for (int j = 0; j < ANCHO_PANTALLA; j++)
        {
            Console::SetCursorPosition(j, i);
            if (MAPAINICIAL[i][j] == 0) Console::ForegroundColor = ConsoleColor::Blue;
            else if (MAPAINICIAL[i][j] == 1) Console::ForegroundColor = ConsoleColor::DarkRed;
            else if (MAPAINICIAL[i][j] == 2) Console::ForegroundColor = ConsoleColor::DarkBlue;
            else if (MAPAINICIAL[i][j] == 3) Console::ForegroundColor = ConsoleColor::DarkGreen;
            else if (MAPAINICIAL[i][j] == 4) Console::ForegroundColor = ConsoleColor::DarkYellow;
            else if (MAPAINICIAL[i][j] == 5) Console::ForegroundColor = ConsoleColor::DarkMagenta;
            else if (MAPAINICIAL[i][j] == 6) Console::ForegroundColor = ConsoleColor::Black;
            else if (MAPAINICIAL[i][j] == 7) Console::ForegroundColor = ConsoleColor::DarkYellow;

            cout << (char)219;
        }
    }
}


int main() {

    DibujarMapaINICIAL();
    _getch();
    return 0;
}


