// ESCENARIO NIVEL 2 :

#include <iostream>
#include <conio.h>

using namespace std;

#define ANCHO_PANTALLA 100
#define ALTO_PANTALLA 25
using namespace System;

int MAPAINICIAL[25][100] =
{ {6,2,2,2,2,2,2,2,2,2,2,2,2,2,2,2,2,2,2,2,2,2,2,2,2,2,2,2,2,2,2,2,2,2,2,2,6,6,6,2,2,6,2,2,2,6,6,6,2,2,2,2,2,2,2,2,6,6,6,2,2,2,2,2,2,2,2,2,2,2,2,2,2,2,2,2,2,2,2,2,2,2,2,2,2,2,2,2,2,2,2,2,2,2,2,2,2,2,2,6},
{5,6,2,2,2,2,2,2,2,2,2,2,2,2,2,2,2,2,2,6,6,6,6,6,6,6,6,6,2,2,2,2,2,2,2,2,6,1,6,2,6,1,6,2,6,1,6,1,6,2,2,2,2,2,2,6,1,1,1,6,2,2,2,2,2,2,2,2,6,6,6,6,6,6,6,6,6,6,6,6,2,2,2,2,2,2,2,2,2,2,2,2,2,2,2,2,2,2,6,5},
{1,5,6,2,2,2,2,2,2,2,2,2,2,2,2,2,2,2,6,4,4,4,4,4,4,4,4,4,6,2,2,2,2,2,2,2,6,1,6,2,6,1,6,2,6,1,6,1,6,2,2,2,2,2,6,1,1,6,6,1,6,2,2,2,2,2,2,6,4,4,4,4,4,4,4,4,4,4,4,4,6,2,2,2,2,2,2,2,2,2,2,2,2,2,2,2,2,6,5,1},
{5,1,5,6,2,2,2,2,2,2,2,2,2,2,2,2,2,6,4,4,4,4,4,4,4,4,4,4,4,6,2,2,2,2,2,2,6,1,6,2,6,1,6,2,6,1,6,1,6,2,2,2,2,2,6,1,6,2,6,1,6,2,2,2,2,2,2,6,4,4,4,4,4,4,4,4,4,4,4,4,4,6,2,2,2,2,2,2,2,2,2,2,2,2,2,2,6,5,1,5},
{5,5,1,5,6,2,2,2,2,2,2,2,2,2,2,2,2,6,4,4,4,4,4,4,4,4,4,4,6,2,2,2,2,2,2,2,6,1,6,2,2,6,1,6,1,6,6,1,6,2,2,2,2,2,2,6,2,2,6,1,6,2,2,2,2,2,2,2,6,4,4,4,4,4,4,4,4,4,4,4,6,2,2,2,2,2,2,2,2,2,2,2,2,2,2,6,5,1,5,5},
{5,5,5,1,5,6,2,2,2,2,2,2,2,2,2,2,2,2,6,6,6,6,6,6,6,6,6,6,2,2,2,2,2,2,2,2,6,1,1,6,2,2,1,6,1,6,6,1,1,6,6,2,2,2,2,2,2,6,1,6,2,2,2,2,2,2,2,2,2,6,6,6,6,6,6,6,6,6,6,6,2,2,2,2,2,2,2,2,2,2,2,2,2,2,6,5,1,5,5,5},
{5,5,5,5,1,5,6,2,2,2,2,2,2,2,2,2,2,2,2,2,2,2,2,2,2,2,2,2,2,2,2,2,2,2,2,2,6,1,1,1,1,2,6,1,6,2,6,1,1,1,1,6,2,2,2,6,6,1,6,2,2,2,2,2,2,2,2,2,2,2,2,2,2,2,2,2,2,2,2,2,2,2,2,2,2,2,2,2,2,2,2,2,2,6,5,1,5,5,5,1},
{1,5,5,5,5,1,5,6,2,2,2,2,2,2,2,2,2,2,2,2,2,2,2,2,2,2,2,2,2,2,2,2,2,2,2,2,6,6,6,6,6,2,2,6,2,2,6,6,6,6,6,2,2,2,6,1,1,1,1,1,6,2,2,2,2,2,2,2,2,2,2,2,2,2,2,2,2,2,2,2,2,2,2,2,2,2,2,2,2,2,2,2,6,5,1,5,5,5,1,5},
{5,1,5,5,5,5,1,5,6,2,2,2,2,2,2,2,2,2,2,2,2,2,2,2,2,2,2,2,2,2,2,2,2,2,2,2,2,2,2,2,2,2,2,2,2,2,2,2,2,2,2,2,2,2,2,6,6,6,6,6,2,2,2,2,2,2,2,2,2,2,2,2,2,2,2,2,2,2,2,2,2,2,2,2,2,2,2,2,2,2,2,6,5,1,5,5,5,1,5,5},
{5,5,1,5,5,5,5,1,5,6,2,2,2,2,2,2,2,2,2,2,2,2,2,2,2,2,2,2,2,2,2,2,2,2,2,2,2,2,2,2,2,2,2,2,2,2,2,2,2,2,2,2,2,2,2,2,2,2,2,2,2,2,2,2,2,2,2,2,2,2,2,2,2,2,2,2,2,2,2,2,2,2,2,2,2,2,2,2,2,2,6,5,1,5,5,5,1,5,5,5},
{5,5,5,1,5,5,5,5,1,5,6,2,2,2,2,2,2,2,2,2,2,2,2,2,2,2,2,2,2,2,2,2,2,2,2,2,2,2,2,2,2,2,2,2,2,2,2,2,2,2,2,2,2,2,2,2,2,2,2,2,2,2,2,2,2,2,2,2,2,2,2,2,2,2,2,2,2,2,2,2,2,2,2,2,2,2,2,2,2,6,5,1,5,5,5,1,5,5,5,5},
{5,5,5,5,1,5,5,5,5,1,5,6,2,2,2,2,2,2,2,2,2,2,2,2,2,2,2,2,2,2,2,2,2,2,2,2,2,2,2,2,2,2,2,2,2,2,2,2,2,2,2,2,2,2,2,2,2,2,2,2,2,2,2,2,2,2,2,2,2,2,2,2,2,2,2,2,2,2,2,2,2,2,2,2,2,2,2,2,6,5,1,5,5,5,1,5,5,5,5,5},
{5,5,5,5,5,1,5,5,5,5,1,5,6,2,2,2,2,2,2,2,2,2,2,2,2,2,2,2,2,2,2,2,2,2,2,2,2,2,2,2,2,2,2,2,2,2,2,2,2,2,2,2,2,2,2,2,2,2,2,2,2,2,2,2,2,2,2,2,2,2,2,2,2,2,2,2,2,2,2,2,2,2,2,2,2,2,2,6,5,1,5,5,5,1,5,5,5,5,5,1},
{5,5,5,5,5,5,1,5,5,5,5,1,5,6,2,2,2,2,2,2,2,2,2,2,2,2,2,2,2,2,2,2,2,2,2,2,2,2,2,2,2,2,2,2,2,2,2,2,2,2,2,2,2,2,2,2,2,2,2,2,2,2,2,2,2,2,2,2,2,2,2,2,2,2,2,2,2,2,2,2,2,2,2,2,2,2,6,5,1,5,5,5,1,5,5,5,5,5,1,5},
{1,5,5,5,5,7,5,1,5,5,5,5,1,5,6,2,2,2,2,2,2,2,2,2,2,2,2,2,2,2,2,2,2,2,2,2,2,2,2,2,2,2,2,2,2,2,2,2,2,2,2,2,2,2,2,2,2,2,2,2,2,2,2,2,2,2,2,2,2,2,2,2,2,2,2,2,2,2,2,2,2,2,2,2,2,6,5,1,5,5,5,1,5,5,7,5,5,1,5,5},
{5,1,5,5,7,4,7,5,1,5,5,5,5,1,5,6,2,2,2,2,2,2,2,2,2,2,2,2,2,2,2,2,2,2,2,2,2,2,2,2,2,2,2,2,2,2,2,2,2,2,2,2,2,2,2,2,2,2,2,2,2,2,2,2,2,2,2,2,2,2,2,2,2,2,2,2,2,2,2,2,2,2,2,2,6,5,1,5,5,5,1,5,5,7,4,7,1,5,5,5},
{5,5,1,7,7,4,7,7,5,1,5,5,5,5,1,5,6,2,2,2,2,2,2,2,2,2,2,2,2,2,2,2,2,2,2,2,2,2,2,2,2,2,2,2,2,2,2,2,2,2,2,2,2,2,2,2,2,2,2,2,2,2,2,2,2,2,2,2,2,2,2,2,2,2,2,2,2,2,2,2,2,2,2,6,5,1,5,5,5,1,5,5,7,7,4,1,7,5,5,5},
{5,5,7,1,4,4,4,4,7,5,1,5,5,5,5,1,5,6,2,2,2,2,2,2,2,2,2,2,2,2,2,2,2,2,2,2,2,2,2,2,2,2,2,2,2,2,2,2,2,2,2,2,2,2,2,2,2,2,2,2,2,2,2,2,2,2,2,2,2,2,2,2,2,2,2,2,2,2,2,2,2,2,6,5,1,5,5,5,1,5,5,7,4,4,1,4,4,7,5,1},
{1,5,5,7,1,4,7,7,5,5,5,1,5,5,5,5,1,5,6,2,2,2,2,2,2,2,2,2,2,2,2,2,2,2,2,2,2,2,2,2,2,2,2,2,2,2,2,2,2,2,2,2,2,2,2,2,2,2,2,2,2,2,2,2,2,2,2,2,2,2,2,2,2,2,2,2,2,2,2,2,2,6,5,1,5,5,5,1,5,5,5,5,7,1,4,7,7,5,1,5},
{5,1,5,5,7,1,7,5,5,5,5,5,1,5,5,5,5,1,5,6,2,2,2,2,2,2,2,2,2,2,2,2,2,2,2,2,2,2,2,2,2,2,2,2,2,2,2,2,2,2,2,2,2,2,2,2,2,2,2,2,2,2,2,2,2,2,2,2,2,2,2,2,2,2,2,2,2,2,2,2,6,5,1,5,5,5,1,5,5,5,5,5,1,7,4,7,5,1,5,5},
{5,5,1,5,5,4,1,1,5,5,5,5,5,1,5,5,5,5,1,5,6,2,2,2,2,2,2,2,2,2,2,2,2,2,2,2,2,2,2,2,2,2,2,2,2,2,2,2,2,2,2,2,2,2,2,2,2,2,2,2,2,2,2,2,2,2,2,2,2,2,2,2,2,2,2,2,2,2,2,6,5,1,5,5,5,1,5,5,5,5,5,1,5,5,4,5,1,5,5,5},
{3,3,3,3,3,3,3,3,3,3,3,3,3,3,3,3,3,3,3,3,3,3,3,3,3,3,3,3,3,3,3,3,3,3,3,3,3,3,3,3,3,3,3,3,3,3,3,3,3,3,3,3,3,3,3,3,3,3,3,3,3,3,3,3,3,3,3,3,3,3,3,3,3,3,3,3,3,3,3,3,3,3,3,3,3,3,3,3,3,3,3,3,3,3,3,3,3,3,3,3},
{3,3,3,3,3,3,3,3,3,3,3,3,3,3,3,3,3,3,3,3,3,3,3,3,3,3,3,3,3,3,3,3,3,3,3,3,3,3,3,3,3,3,3,3,3,3,3,3,3,3,3,3,3,3,3,3,3,3,3,3,3,3,3,3,3,3,3,3,3,3,3,3,3,3,3,3,3,3,3,3,3,3,3,3,3,3,3,3,3,3,3,3,3,3,3,3,3,3,3,3},
{3,3,3,3,3,3,3,3,3,3,3,3,3,3,3,3,3,3,3,3,3,3,3,3,3,3,3,3,3,3,3,3,3,3,3,3,3,3,3,3,3,3,3,3,3,3,3,3,3,3,3,3,3,3,3,3,3,3,3,3,3,3,3,3,3,3,3,3,3,3,3,3,3,3,3,3,3,3,3,3,3,3,3,3,3,3,3,3,3,3,3,3,3,3,3,3,3,3,3,3},
{3,3,3,3,3,3,3,3,3,3,3,3,3,3,3,3,3,3,3,3,3,3,3,3,3,3,3,3,3,3,3,3,3,3,3,3,3,3,3,3,3,3,3,3,3,3,3,3,3,3,3,3,3,3,3,3,3,3,3,3,3,3,3,3,3,3,3,3,3,3,3,3,3,3,3,3,3,3,3,3,3,3,3,3,3,3,3,3,3,3,3,3,3,3,3,3,3,3,3,3}
};






void DibujarMapaINICIAL()
{
    for (int i = 0; i < ALTO_PANTALLA; i++)
    {
        for (int j = 0; j < ANCHO_PANTALLA; j++)
        {
            Console::SetCursorPosition(j, i);

            if (MAPAINICIAL[i][j] == 1) Console::ForegroundColor = ConsoleColor::DarkRed;
            else if (MAPAINICIAL[i][j] == 2) Console::ForegroundColor = ConsoleColor::DarkBlue;
            else if (MAPAINICIAL[i][j] == 3) Console::ForegroundColor = ConsoleColor::DarkGreen;
            else if (MAPAINICIAL[i][j] == 4) Console::ForegroundColor = ConsoleColor::White;
            else if (MAPAINICIAL[i][j] == 5) Console::ForegroundColor = ConsoleColor::DarkMagenta;
            else if (MAPAINICIAL[i][j] == 6) Console::ForegroundColor = ConsoleColor::Black;
            else if (MAPAINICIAL[i][j] == 7) Console::ForegroundColor = ConsoleColor::DarkYellow;

            cout << (char)219;
        }
    }
}


int main() {

    DibujarMapaINICIAL();
    _getch();
    return 0;

}
